

[POSITION]
ra=150.23692
dec=2.33575
z=2.503