

[POSITION]
ra=35.0693650
dec=-6.0282608
z=2.31