

[POSITION]
ra=35.0690837
dec=-6.0292456
z=2.31