

[POSITION]
ra=356.53932
dec=12.82201
z=2.2