

[POSITION]
ra=150.07597
dec=2.2118269
z=2.0