

[POSITION]
ra=132.38991
dec=2.24572
z=2.4