

[POSITION]
ra=150.23729
dec=2.33811
z=2.494